1,2,2,3,2,4,2,4,3,4,2,6,2,4,4,5,2,6,2,6,4,4,2,8,3,4,4,6,2,8,2,6,4,4,4,9,2,4,4,8,2,8,2,6,6,4,2,10,3,6,4,6,2,8,4,8,4,4,2,12,2,4,6,7,4,8,2,6,4,8,2,12,2,4,6,6,4,8,2,10,5,4,2,12,4,4,4,8,2,12,4,6,4,4,4,12,2,6,6,9,2,8,2,8,8,4,2,12,2,8,4,10,2,8,4,6,6,4,4,16,3,4,4,6,4,12,2,
2,3,4,4,4,6,4,5,6,6,4,8,4,6,8,6,4,9,4,8,8,6,4,10,6,6,8,8,4,12,4,7,8,6,8,12,4,6,8,10,4,12,4,8,12,6,4,12,6,9,8,8,4,12,8,10,8,6,4,16,4,6,12,8,8,12,4,8,8,12,4,15,4,6,12,8,8,12,4,12,10,6,4,16,8,6,8,10,4,18,8,8,8,6,8,14,4,9,12,12,4,12,4,10,16,6,4,16,4,12,8,12,4,12,8,8,12,6,8,20,6,6,8,8,8,18,4,
2,4,3,6,4,6,4,8,4,8,4,9,4,8,6,10,4,8,4,12,6,8,4,12,6,8,5,12,4,12,4,12,6,8,8,12,4,8,6,16,4,12,4,12,8,8,4,15,6,12,6,12,4,10,8,16,6,8,4,18,4,8,8,14,8,12,4,12,6,16,4,16,4,8,9,12,8,12,4,20,6,8,4,18,8,8,6,16,4,16,8,12,6,8,8,18,4,12,8,18,4,12,4,16,12,8,4,15,4,16,6,20,4,12,8,12,8,8,8,24,6,8,6,12,8,16,4,
3,4,6,5,6,8,6,6,9,8,6,10,6,8,12,7,6,12,6,10,12,8,6,12,9,8,12,10,6,16,6,8,12,8,12,15,6,8,12,12,6,16,6,10,18,8,6,14,9,12,12,10,6,16,12,12,12,8,6,20,6,8,18,9,12,16,6,10,12,16,6,18,6,8,18,10,12,16,6,14,15,8,6,20,12,8,12,12,6,24,12,10,12,8,12,16,6,12,18,15,6,16,6,12,24,8,6,20,6,16,12,14,6,16,12,10,18,8,12,24,9,8,12,10,12,24,6,
2,4,4,6,3,8,4,8,6,6,4,12,4,8,6,10,4,12,4,9,8,8,4,16,4,8,8,12,4,12,4,12,8,8,6,18,4,8,8,12,4,16,4,12,9,8,4,20,6,8,8,12,4,16,6,16,8,8,4,18,4,8,12,14,6,16,4,12,8,12,4,24,4,8,8,12,8,16,4,15,10,8,4,24,6,8,8,16,4,18,8,12,8,8,6,24,4,12,12,12,4,16,4,16,12,8,4,24,4,12,8,20,4,16,6,12,12,8,8,24,6,8,8,12,5,24,4,
4,6,6,8,8,9,8,10,8,12,8,12,8,12,12,12,8,12,8,16,12,12,8,15,12,12,10,16,8,18,8,14,12,12,16,16,8,12,12,20,8,18,8,16,16,12,8,18,12,18,12,16,8,15,16,20,12,12,8,24,8,12,16,16,16,18,8,16,12,24,8,20,8,12,18,16,16,18,8,24,12,12,8,24,16,12,12,20,8,24,16,16,12,12,16,21,8,18,16,24,8,18,8,20,24,12,8,20,8,24,12,24,8,18,16,16,16,12,16,30,12,12,12,16,16,24,8,
2,4,4,6,4,8,3,8,6,8,4,12,4,6,8,10,4,12,4,12,6,8,4,16,6,8,8,9,4,16,4,12,8,8,6,18,4,8,8,16,4,12,4,12,12,8,4,20,4,12,8,12,4,16,8,12,8,8,4,24,4,8,9,14,8,16,4,12,8,12,4,24,4,8,12,12,6,16,4,20,10,8,4,18,8,8,8,16,4,24,6,12,8,8,8,24,4,8,12,18,4,16,4,16,12,8,4,24,4,16,8,15,4,16,8,12,12,8,6,32,6,8,8,12,8,18,4,
4,5,8,6,8,10,8,7,12,10,8,12,8,10,16,8,8,15,8,12,16,10,8,14,12,10,16,12,8,20,8,9,16,10,16,18,8,10,16,14,8,20,8,12,24,10,8,16,12,15,16,12,8,20,16,14,16,10,8,24,8,10,24,10,16,20,8,12,16,20,8,21,8,10,24,12,16,20,8,16,20,10,8,24,16,10,16,14,8,30,16,12,16,10,16,18,8,15,24,18,8,20,8,14,32,10,8,24,8,20,16,16,8,20,16,12,24,10,16,28,12,10,16,12,16,30,8,
3,6,4,9,6,8,6,12,5,12,6,12,6,12,8,15,6,10,6,18,8,12,6,16,9,12,6,18,6,16,6,18,8,12,12,15,6,12,8,24,6,16,6,18,10,12,6,20,9,18,8,18,6,12,12,24,8,12,6,24,6,12,10,21,12,16,6,18,8,24,6,20,6,12,12,18,12,16,6,30,7,12,6,24,12,12,8,24,6,20,12,18,8,12,12,24,6,18,10,27,6,16,6,24,16,12,6,18,6,24,8,30,6,16,12,18,10,12,12,32,9,12,8,18,12,20,6,
4,6,8,8,6,12,8,10,12,9,8,16,8,12,12,12,8,18,8,12,16,12,8,20,8,12,16,16,8,18,8,14,16,12,12,24,8,12,16,15,8,24,8,16,18,12,8,24,12,12,16,16,8,24,12,20,16,12,8,24,8,12,24,16,12,24,8,16,16,18,8,30,8,12,16,16,16,24,8,18,20,12,8,32,12,12,16,20,8,27,16,16,16,12,12,28,8,18,24,16,8,24,8,20,24,12,8,32,8,18,16,24,8,24,12,16,24,12,16,30,12,12,16,16,10,36,8,
2,4,4,6,4,8,4,8,6,8,3,12,4,8,8,10,4,12,4,12,8,6,4,16,6,8,8,12,4,16,4,12,6,8,8,18,4,8,8,16,4,16,4,9,12,8,4,20,6,12,8,12,4,16,6,16,8,8,4,24,4,8,12,14,8,12,4,12,8,16,4,24,4,8,12,12,6,16,4,20,10,8,4,24,8,8,8,12,4,24,8,12,8,8,8,24,4,12,9,18,4,16,4,16,16,8,4,24,4,12,8,20,4,16,8,12,12,8,8,32,4,8,8,12,8,24,4,
6,8,9,10,12,12,12,12,12,16,12,15,12,16,18,14,12,16,12,20,18,16,12,18,18,16,15,20,12,24,12,16,18,16,24,20,12,16,18,24,12,24,12,20,24,16,12,21,18,24,18,20,12,20,24,24,18,16,12,30,12,16,24,18,24,24,12,20,18,32,12,24,12,16,27,20,24,24,12,28,18,16,12,30,24,16,18,24,12,32,24,20,18,16,24,24,12,24,24,30,12,24,12,24,36,16,12,25,12,32,18,28,12,24,24,20,24,16,24,36,18,16,18,20,24,32,12,
2,4,4,6,4,8,4,8,6,8,4,12,3,8,8,10,4,12,4,12,8,8,4,16,6,6,8,12,4,16,4,12,8,8,8,18,4,8,6,16,4,16,4,12,12,8,4,20,6,12,8,9,4,16,8,16,8,8,4,24,4,8,12,14,6,16,4,12,8,16,4,24,4,8,12,12,8,12,4,20,10,8,4,24,8,8,8,16,4,24,6,12,8,8,8,24,4,12,12,18,4,16,4,12,16,8,4,24,4,16,8,20,4,16,8,12,9,8,8,32,6,8,8,12,8,24,4,
4,6,8,8,8,12,6,10,12,12,8,16,8,9,16,12,8,18,8,16,12,12,8,20,12,12,16,12,8,24,8,14,16,12,12,24,8,12,16,20,8,18,8,16,24,12,8,24,8,18,16,16,8,24,16,15,16,12,8,32,8,12,18,16,16,24,8,16,16,18,8,30,8,12,24,16,12,24,8,24,20,12,8,24,16,12,16,20,8,36,12,16,16,12,16,28,8,12,24,24,8,24,8,20,24,12,8,32,8,24,16,18,8,24,16,16,24,12,12,40,12,12,16,16,16,27,8,
4,8,6,12,6,12,8,16,8,12,8,18,8,16,9,20,8,16,8,18,12,16,8,24,8,16,10,24,8,18,8,24,12,16,12,24,8,16,12,24,8,24,8,24,12,16,8,30,12,16,12,24,8,20,12,32,12,16,8,27,8,16,16,28,12,24,8,24,12,24,8,32,8,16,12,24,16,24,8,30,12,16,8,36,12,16,12,32,8,24,16,24,12,16,12,36,8,24,16,24,8,24,8,32,18,16,8,30,8,24,12,40,8,24,12,24,16,16,16,36,12,16,12,24,10,32,8,
5,6,10,7,10,12,10,8,15,12,10,14,10,12,20,9,10,18,10,14,20,12,10,16,15,12,20,14,10,24,10,10,20,12,20,21,10,12,20,16,10,24,10,14,30,12,10,18,15,18,20,14,10,24,20,16,20,12,10,28,10,12,30,11,20,24,10,14,20,24,10,24,10,12,30,14,20,24,10,18,25,12,10,28,20,12,20,16,10,36,20,14,20,12,20,20,10,18,30,21,10,24,10,16,40,12,10,28,10,24,20,18,10,24,20,14,30,12,20,32,15,12,20,14,20,36,10,
2,4,4,6,4,8,4,8,6,8,4,12,4,8,8,10,3,12,4,12,8,8,4,16,6,8,8,12,4,16,4,12,8,6,8,18,4,8,8,16,4,16,4,12,12,8,4,20,6,12,6,12,4,16,8,16,8,8,4,24,4,8,12,14,8,16,4,9,8,16,4,24,4,8,12,12,8,16,4,20,10,8,4,24,6,8,8,16,4,24,8,12,8,8,8,24,4,12,12,18,4,12,4,16,16,8,4,24,4,16,8,20,4,16,8,12,12,8,6,32,6,8,8,12,8,24,4,
6,9,8,12,12,12,12,15,10,18,12,16,12,18,16,18,12,15,12,24,16,18,12,20,18,18,12,24,12,24,12,21,16,18,24,20,12,18,16,30,12,24,12,24,20,18,12,24,18,27,16,24,12,18,24,30,16,18,12,32,12,18,20,24,24,24,12,24,16,36,12,25,12,18,24,24,24,24,12,36,14,18,12,32,24,18,16,30,12,30,24,24,16,18,24,28,12,27,20,36,12,24,12,30,32,18,12,24,12,36,16,36,12,24,24,24,20,18,24,40,18,18,16,24,24,30,12,
2,4,4,6,4,8,4,8,6,8,4,12,4,8,8,10,4,12,3,12,8,8,4,16,6,8,8,12,4,16,4,12,8,8,8,18,4,6,8,16,4,16,4,12,12,8,4,20,6,12,8,12,4,16,8,16,6,8,4,24,4,8,12,14,8,16,4,12,8,16,4,24,4,8,12,9,8,16,4,20,10,8,4,24,8,8,8,16,4,24,8,12,8,8,6,24,4,12,12,18,4,16,4,16,16,8,4,24,4,16,8,20,4,12,8,12,12,8,8,32,6,8,8,12,8,24,4,
6,8,12,10,9,16,12,12,18,12,12,20,12,16,18,14,12,24,12,15,24,16,12,24,12,16,24,20,12,24,12,16,24,16,18,30,12,16,24,18,12,32,12,20,27,16,12,28,18,16,24,20,12,32,18,24,24,16,12,30,12,16,36,18,18,32,12,20,24,24,12,36,12,16,24,20,24,32,12,21,30,16,12,40,18,16,24,24,12,36,24,20,24,16,18,32,12,24,36,20,12,32,12,24,36,16,12,40,12,24,24,28,12,32,18,20,36,16,24,36,18,16,24,20,15,48,12,
4,8,6,12,8,12,6,16,8,16,8,18,8,12,12,20,8,16,8,24,9,16,8,24,12,16,10,18,8,24,8,24,12,16,12,24,8,16,12,32,8,18,8,24,16,16,8,30,8,24,12,24,8,20,16,24,12,16,8,36,8,16,12,28,16,24,8,24,12,24,8,32,8,16,18,24,12,24,8,40,12,16,8,27,16,16,12,32,8,32,12,24,12,16,16,36,8,16,16,36,8,24,8,32,18,16,8,30,8,32,12,30,8,24,16,24,16,16,12,48,12,16,12,24,16,24,8,
4,6,8,8,8,12,8,10,12,12,6,16,8,12,16,12,8,18,8,16,16,9,8,20,12,12,16,16,8,24,8,14,12,12,16,24,8,12,16,20,8,24,8,12,24,12,8,24,12,18,16,16,8,24,12,20,16,12,8,32,8,12,24,16,16,18,8,16,16,24,8,30,8,12,24,16,12,24,8,24,20,12,8,32,16,12,16,15,8,36,16,16,16,12,16,28,8,18,18,24,8,24,8,20,32,12,8,32,8,18,16,24,8,24,16,16,24,12,16,40,8,12,16,16,16,36,8,
2,4,4,6,4,8,4,8,6,8,4,12,4,8,8,10,4,12,4,12,8,8,3,16,6,8,8,12,4,16,4,12,8,8,8,18,4,8,8,16,4,16,4,12,12,6,4,20,6,12,8,12,4,16,8,16,8,8,4,24,4,8,12,14,8,16,4,12,6,16,4,24,4,8,12,12,8,16,4,20,10,8,4,24,8,8,8,16,4,24,8,9,8,8,8,24,4,12,12,18,4,16,4,16,16,8,4,24,4,16,8,20,4,16,6,12,12,8,8,32,6,8,8,12,8,24,4,
8,10,12,12,16,15,16,14,16,20,16,18,16,20,24,16,16,20,16,24,24,20,16,21,24,20,20,24,16,30,16,18,24,20,32,24,16,20,24,28,16,30,16,24,32,20,16,24,24,30,24,24,16,25,32,28,24,20,16,36,16,20,32,20,32,30,16,24,24,40,16,28,16,20,36,24,32,30,16,32,24,20,16,36,32,20,24,28,16,40,32,24,24,20,32,27,16,30,32,36,16,30,16,28,48,20,16,30,16,40,24,32,16,30,32,24,32,20,32,42,24,20,24,24,32,40,16,
3,6,6,9,4,12,6,12,9,8,6,18,6,12,8,15,6,18,6,12,12,12,6,24,5,12,12,18,6,16,6,18,12,12,8,27,6,12,12,16,6,24,6,18,12,12,6,30,9,10,12,18,6,24,8,24,12,12,6,24,6,12,18,21,8,24,6,18,12,16,6,36,6,12,10,18,12,24,6,20,15,12,6,36,8,12,12,24,6,24,12,18,12,12,8,36,6,18,18,15,6,24,6,24,16,12,6,36,6,16,12,30,6,24,8,18,18,12,12,32,9,12,12,18,6,36,6,
4,6,8,8,8,12,8,10,12,12,8,16,6,12,16,12,8,18,8,16,16,12,8,20,12,9,16,16,8,24,8,14,16,12,16,24,8,12,12,20,8,24,8,16,24,12,8,24,12,18,16,12,8,24,16,20,16,12,8,32,8,12,24,16,12,24,8,16,16,24,8,30,8,12,24,16,16,18,8,24,20,12,8,32,16,12,16,20,8,36,12,16,16,12,16,28,8,18,24,24,8,24,8,15,32,12,8,32,8,24,16,24,8,24,16,16,18,12,16,40,12,12,16,16,16,36,8,
4,8,5,12,8,10,8,16,6,16,8,15,8,16,10,20,8,12,8,24,10,16,8,20,12,16,7,24,8,20,8,24,10,16,16,18,8,16,10,32,8,20,8,24,12,16,8,25,12,24,10,24,8,14,16,32,10,16,8,30,8,16,12,28,16,20,8,24,10,32,8,24,8,16,15,24,16,20,8,40,8,16,8,30,16,16,10,32,8,24,16,24,10,16,16,30,8,24,12,36,8,20,8,32,20,16,8,21,8,32,10,40,8,20,16,24,12,16,16,40,12,16,10,24,16,24,8,
6,8,12,10,12,16,9,12,18,16,12,20,12,12,24,14,12,24,12,20,18,16,12,24,18,16,24,15,12,32,12,16,24,16,18,30,12,16,24,24,12,24,12,20,36,16,12,28,12,24,24,20,12,32,24,18,24,16,12,40,12,16,27,18,24,32,12,20,24,24,12,36,12,16,36,20,18,32,12,28,30,16,12,30,24,16,24,24,12,48,18,20,24,16,24,32,12,16,36,30,12,32,12,24,36,16,12,40,12,32,24,21,12,32,24,20,36,16,18,48,18,16,24,20,24,36,12,
2,4,4,6,4,8,4,8,6,8,4,12,4,8,8,10,4,12,4,12,8,8,4,16,6,8,8,12,3,16,4,12,8,8,8,18,4,8,8,16,4,16,4,12,12,8,4,20,6,12,8,12,4,16,8,16,8,6,4,24,4,8,12,14,8,16,4,12,8,16,4,24,4,8,12,12,8,16,4,20,10,8,4,24,8,8,6,16,4,24,8,12,8,8,8,24,4,12,12,18,4,16,4,16,16,8,4,24,4,16,8,20,4,16,8,9,12,8,8,32,6,8,8,12,8,24,4,
8,12,12,16,12,18,16,20,16,18,16,24,16,24,18,24,16,24,16,24,24,24,16,30,16,24,20,32,16,27,16,28,24,24,24,32,16,24,24,30,16,36,16,32,24,24,16,36,24,24,24,32,16,30,24,40,24,24,16,36,16,24,32,32,24,36,16,32,24,36,16,40,16,24,24,32,32,36,16,36,24,24,16,48,24,24,24,40,16,36,32,32,24,24,24,42,16,36,32,32,16,36,16,40,36,24,16,40,16,36,24,48,16,36,24,32,32,24,32,45,24,24,24,32,20,48,16,
2,4,4,6,4,8,4,8,6,8,4,12,4,8,8,10,4,12,4,12,8,8,4,16,6,8,8,12,4,16,3,12,8,8,8,18,4,8,8,16,4,16,4,12,12,8,4,20,6,12,8,12,4,16,8,16,8,8,4,24,4,6,12,14,8,16,4,12,8,16,4,24,4,8,12,12,8,16,4,20,10,8,4,24,8,8,8,16,4,24,8,12,6,8,8,24,4,12,12,18,4,16,4,16,16,8,4,24,4,16,8,20,4,16,8,12,12,8,8,32,6,8,8,9,8,24,4,
6,7,12,8,12,14,12,9,18,14,12,16,12,14,24,10,12,21,12,16,24,14,12,18,18,14,24,16,12,28,12,11,24,14,24,24,12,14,24,18,12,28,12,16,36,14,12,20,18,21,24,16,12,28,24,18,24,14,12,32,12,14,36,12,24,28,12,16,24,28,12,27,12,14,36,16,24,28,12,20,30,14,12,32,24,14,24,18,12,42,24,16,24,14,24,22,12,21,36,24,12,28,12,18,48,14,12,32,12,28,24,20,12,28,24,16,36,14,24,36,18,14,24,16,24,42,12,
4,8,6,12,8,12,8,16,8,16,6,18,8,16,12,20,8,16,8,24,12,12,8,24,12,16,10,24,8,24,8,24,9,16,16,24,8,16,12,32,8,24,8,18,16,16,8,30,12,24,12,24,8,20,12,32,12,16,8,36,8,16,16,28,16,18,8,24,12,32,8,32,8,16,18,24,12,24,8,40,12,16,8,36,16,16,12,24,8,32,16,24,12,16,16,36,8,24,12,36,8,24,8,32,24,16,8,30,8,24,12,40,8,24,16,24,16,16,16,48,8,16,12,24,16,32,8,
4,6,8,8,8,12,8,10,12,12,8,16,8,12,16,12,6,18,8,16,16,12,8,20,12,12,16,16,8,24,8,14,16,9,16,24,8,12,16,20,8,24,8,16,24,12,8,24,12,18,12,16,8,24,16,20,16,12,8,32,8,12,24,16,16,24,8,12,16,24,8,30,8,12,24,16,16,24,8,24,20,12,8,32,12,12,16,20,8,36,16,16,16,12,16,28,8,18,24,24,8,18,8,20,32,12,8,32,8,24,16,24,8,24,16,16,24,12,12,40,12,12,16,16,16,36,8,
4,8,8,12,6,16,6,16,12,12,8,24,8,12,12,20,8,24,8,18,12,16,8,32,8,16,16,18,8,24,8,24,16,16,9,36,8,16,16,24,8,24,8,24,18,16,8,40,8,16,16,24,8,32,12,24,16,16,8,36,8,16,18,28,12,32,8,24,16,18,8,48,8,16,16,24,12,32,8,30,20,16,8,36,12,16,16,32,8,36,12,24,16,16,12,48,8,16,24,24,8,32,8,32,18,16,8,48,8,24,16,30,8,32,12,24,24,16,12,48,12,16,16,24,10,36,8,
9,12,12,15,18,16,18,18,15,24,18,20,18,24,24,21,18,20,18,30,24,24,18,24,27,24,18,30,18,32,18,24,24,24,36,25,18,24,24,36,18,32,18,30,30,24,18,28,27,36,24,30,18,24,36,36,24,24,18,40,18,24,30,27,36,32,18,30,24,48,18,30,18,24,36,30,36,32,18,42,21,24,18,40,36,24,24,36,18,40,36,30,24,24,36,32,18,36,30,45,18,32,18,36,48,24,18,30,18,48,24,42,18,32,36,30,30,24,36,48,27,24,24,30,36,40,18,
2,4,4,6,4,8,4,8,6,8,4,12,4,8,8,10,4,12,4,12,8,8,4,16,6,8,8,12,4,16,4,12,8,8,8,18,3,8,8,16,4,16,4,12,12,8,4,20,6,12,8,12,4,16,8,16,8,8,4,24,4,8,12,14,8,16,4,12,8,16,4,24,4,6,12,12,8,16,4,20,10,8,4,24,8,8,8,16,4,24,8,12,8,8,8,24,4,12,12,18,4,16,4,16,16,8,4,24,4,16,6,20,4,16,8,12,12,8,8,32,6,8,8,12,8,24,4,
4,6,8,8,8,12,8,10,12,12,8,16,8,12,16,12,8,18,6,16,16,12,8,20,12,12,16,16,8,24,8,14,16,12,16,24,8,9,16,20,8,24,8,16,24,12,8,24,12,18,16,16,8,24,16,20,12,12,8,32,8,12,24,16,16,24,8,16,16,24,8,30,8,12,24,12,16,24,8,24,20,12,8,32,16,12,16,20,8,36,16,16,16,12,12,28,8,18,24,24,8,24,8,20,32,12,8,32,8,24,16,24,8,18,16,16,24,12,16,40,12,12,16,16,16,36,8,
4,8,6,12,8,12,8,16,8,16,8,18,6,16,12,20,8,16,8,24,12,16,8,24,12,12,10,24,8,24,8,24,12,16,16,24,8,16,9,32,8,24,8,24,16,16,8,30,12,24,12,18,8,20,16,32,12,16,8,36,8,16,16,28,12,24,8,24,12,32,8,32,8,16,18,24,16,18,8,40,12,16,8,36,16,16,12,32,8,32,12,24,12,16,16,36,8,24,16,36,8,24,8,24,24,16,8,30,8,32,12,40,8,24,16,24,12,16,16,48,12,16,12,24,16,32,8,
8,10,16,12,12,20,16,14,24,15,16,24,16,20,24,16,16,30,16,18,32,20,16,28,16,20,32,24,16,30,16,18,32,20,24,36,16,20,32,21,16,40,16,24,36,20,16,32,24,20,32,24,16,40,24,28,32,20,16,36,16,20,48,20,24,40,16,24,32,30,16,42,16,20,32,24,32,40,16,24,40,20,16,48,24,20,32,28,16,45,32,24,32,20,24,36,16,30,48,24,16,40,16,28,48,20,16,48,16,30,32,32,16,40,24,24,48,20,32,42,24,20,32,24,20,60,16,
2,4,4,6,4,8,4,8,6,8,4,12,4,8,8,10,4,12,4,12,8,8,4,16,6,8,8,12,4,16,4,12,8,8,8,18,4,8,8,16,3,16,4,12,12,8,4,20,6,12,8,12,4,16,8,16,8,8,4,24,4,8,12,14,8,16,4,12,8,16,4,24,4,8,12,12,8,16,4,20,10,6,4,24,8,8,8,16,4,24,8,12,8,8,8,24,4,12,12,18,4,16,4,16,16,8,4,24,4,16,8,20,4,16,8,12,12,8,8,32,6,8,6,12,8,24,4,
8,12,12,16,16,18,12,20,16,24,16,24,16,18,24,24,16,24,16,32,18,24,16,30,24,24,20,24,16,36,16,28,24,24,24,32,16,24,24,40,16,27,16,32,32,24,16,36,16,36,24,32,16,30,32,30,24,24,16,48,16,24,24,32,32,36,16,32,24,36,16,40,16,24,36,32,24,36,16,48,24,24,16,36,32,24,24,40,16,48,24,32,24,24,32,42,16,24,32,48,16,36,16,40,36,24,16,40,16,48,24,36,16,36,32,32,32,24,24,60,24,24,24,32,32,36,16,
2,4,4,6,4,8,4,8,6,8,4,12,4,8,8,10,4,12,4,12,8,8,4,16,6,8,8,12,4,16,4,12,8,8,8,18,4,8,8,16,4,16,3,12,12,8,4,20,6,12,8,12,4,16,8,16,8,8,4,24,4,8,12,14,8,16,4,12,8,16,4,24,4,8,12,12,8,16,4,20,10,8,4,24,8,6,8,16,4,24,8,12,8,8,8,24,4,12,12,18,4,16,4,16,16,8,4,24,4,16,8,20,4,16,8,12,12,8,8,32,6,8,8,12,8,24,4,
6,8,12,10,12,16,12,12,18,16,9,20,12,16,24,14,12,24,12,20,24,12,12,24,18,16,24,20,12,32,12,16,18,16,24,30,12,16,24,24,12,32,12,15,36,16,12,28,18,24,24,20,12,32,18,24,24,16,12,40,12,16,36,18,24,24,12,20,24,32,12,36,12,16,36,20,18,32,12,28,30,16,12,40,24,16,24,18,12,48,24,20,24,16,24,32,12,24,27,30,12,32,12,24,48,16,12,40,12,24,24,28,12,32,24,20,36,16,24,48,12,16,24,20,24,48,12,
6,12,8,18,9,16,12,24,10,18,12,24,12,24,12,30,12,20,12,27,16,24,12,32,12,24,12,36,12,24,12,36,16,24,18,30,12,24,16,36,12,32,12,36,15,24,12,40,18,24,16,36,12,24,18,48,16,24,12,36,12,24,20,42,18,32,12,36,16,36,12,40,12,24,16,36,24,32,12,45,14,24,12,48,18,24,16,48,12,30,24,36,16,24,18,48,12,36,20,36,12,32,12,48,24,24,12,36,12,36,16,60,12,32,18,36,20,24,24,48,18,24,16,36,15,40,12,
4,6,8,8,8,12,8,10,12,12,8,16,8,12,16,12,8,18,8,16,16,12,6,20,12,12,16,16,8,24,8,14,16,12,16,24,8,12,16,20,8,24,8,16,24,9,8,24,12,18,16,16,8,24,16,20,16,12,8,32,8,12,24,16,16,24,8,16,12,24,8,30,8,12,24,16,16,24,8,24,20,12,8,32,16,12,16,20,8,36,16,12,16,12,16,28,8,18,24,24,8,24,8,20,32,12,8,32,8,24,16,24,8,24,12,16,24,12,16,40,12,12,16,16,16,36,8,
2,4,4,6,4,8,4,8,6,8,4,12,4,8,8,10,4,12,4,12,8,8,4,16,6,8,8,12,4,16,4,12,8,8,8,18,4,8,8,16,4,16,4,12,12,8,3,20,6,12,8,12,4,16,8,16,8,8,4,24,4,8,12,14,8,16,4,12,8,16,4,24,4,8,12,12,8,16,4,20,10,8,4,24,8,8,8,16,4,24,8,12,8,6,8,24,4,12,12,18,4,16,4,16,16,8,4,24,4,16,8,20,4,16,8,12,12,8,8,32,6,8,8,12,8,24,4,
10,12,15,14,20,18,20,16,20,24,20,21,20,24,30,18,20,24,20,28,30,24,20,24,30,24,25,28,20,36,20,20,30,24,40,28,20,24,30,32,20,36,20,28,40,24,20,27,30,36,30,28,20,30,40,32,30,24,20,42,20,24,40,22,40,36,20,28,30,48,20,32,20,24,45,28,40,36,20,36,30,24,20,42,40,24,30,32,20,48,40,28,30,24,40,30,20,36,40,42,20,36,20,32,60,24,20,35,20,48,30,36,20,36,40,28,40,24,40,48,30,24,30,28,40,48,20,
3,6,6,9,6,12,4,12,9,12,6,18,6,8,12,15,6,18,6,18,8,12,6,24,9,12,12,12,6,24,6,18,12,12,8,27,6,12,12,24,6,16,6,18,18,12,6,30,5,18,12,18,6,24,12,16,12,12,6,36,6,12,12,21,12,24,6,18,12,16,6,36,6,12,18,18,8,24,6,30,15,12,6,24,12,12,12,24,6,36,8,18,12,12,12,36,6,10,18,27,6,24,6,24,16,12,6,36,6,24,12,20,6,24,12,18,18,12,8,48,9,12,12,18,12,24,6,
6,9,12,12,8,18,12,15,18,12,12,24,12,18,16,18,12,27,12,16,24,18,12,30,10,18,24,24,12,24,12,21,24,18,16,36,12,18,24,20,12,36,12,24,24,18,12,36,18,15,24,24,12,36,16,30,24,18,12,32,12,18,36,24,16,36,12,24,24,24,12,45,12,18,20,24,24,36,12,24,30,18,12,48,16,18,24,30,12,36,24,24,24,18,16,42,12,27,36,20,12,36,12,30,32,18,12,48,12,24,24,36,12,36,16,24,36,18,24,40,18,18,24,24,12,54,12,
4,8,6,12,8,12,8,16,8,16,8,18,8,16,12,20,6,16,8,24,12,16,8,24,12,16,10,24,8,24,8,24,12,12,16,24,8,16,12,32,8,24,8,24,16,16,8,30,12,24,9,24,8,20,16,32,12,16,8,36,8,16,16,28,16,24,8,18,12,32,8,32,8,16,18,24,16,24,8,40,12,16,8,36,12,16,12,32,8,32,16,24,12,16,16,36,8,24,16,36,8,18,8,32,24,16,8,30,8,32,12,40,8,24,16,24,16,16,12,48,12,16,12,24,16,32,8,
6,8,12,10,12,16,12,12,18,16,12,20,9,16,24,14,12,24,12,20,24,16,12,24,18,12,24,20,12,32,12,16,24,16,24,30,12,16,18,24,12,32,12,20,36,16,12,28,18,24,24,15,12,32,24,24,24,16,12,40,12,16,36,18,18,32,12,20,24,32,12,36,12,16,36,20,24,24,12,28,30,16,12,40,24,16,24,24,12,48,18,20,24,16,24,32,12,24,36,30,12,32,12,18,48,16,12,40,12,32,24,28,12,32,24,20,27,16,24,48,18,16,24,20,24,48,12,
2,4,4,6,4,8,4,8,6,8,4,12,4,8,8,10,4,12,4,12,8,8,4,16,6,8,8,12,4,16,4,12,8,8,8,18,4,8,8,16,4,16,4,12,12,8,4,20,6,12,8,12,3,16,8,16,8,8,4,24,4,8,12,14,8,16,4,12,8,16,4,24,4,8,12,12,8,16,4,20,10,8,4,24,8,8,8,16,4,24,8,12,8,8,8,24,4,12,12,18,4,16,4,16,16,6,4,24,4,16,8,20,4,16,8,12,12,8,8,32,6,8,8,12,8,24,4,
8,12,10,16,16,15,16,20,12,24,16,20,16,24,20,24,16,18,16,32,20,24,16,25,24,24,14,32,16,30,16,28,20,24,32,24,16,24,20,40,16,30,16,32,24,24,16,30,24,36,20,32,16,21,32,40,20,24,16,40,16,24,24,32,32,30,16,32,20,48,16,30,16,24,30,32,32,30,16,48,16,24,16,40,32,24,20,40,16,36,32,32,20,24,32,35,16,36,24,48,16,30,16,40,40,24,16,28,16,48,20,48,16,30,32,32,24,24,32,50,24,24,20,32,32,36,16,
4,8,8,12,6,16,8,16,12,12,6,24,8,16,12,20,8,24,8,18,16,12,8,32,8,16,16,24,8,24,8,24,12,16,12,36,8,16,16,24,8,32,8,18,18,16,8,40,12,16,16,24,8,32,9,32,16,16,8,36,8,16,24,28,12,24,8,24,16,24,8,48,8,16,16,24,12,32,8,30,20,16,8,48,12,16,16,24,8,36,16,24,16,16,12,48,8,24,18,24,8,32,8,32,24,16,8,48,8,18,16,40,8,32,12,24,24,16,16,48,8,16,16,24,10,48,8,
8,10,16,12,16,20,12,14,24,20,16,24,16,15,32,16,16,30,16,24,24,20,16,28,24,20,32,18,16,40,16,18,32,20,24,36,16,20,32,28,16,30,16,24,48,20,16,32,16,30,32,24,16,40,32,21,32,20,16,48,16,20,36,20,32,40,16,24,32,30,16,42,16,20,48,24,24,40,16,32,40,20,16,36,32,20,32,28,16,60,24,24,32,20,32,36,16,20,48,36,16,40,16,28,48,20,16,48,16,40,32,24,16,40,32,24,48,20,24,56,24,20,32,24,32,45,16,
4,8,6,12,8,12,8,16,8,16,8,18,8,16,12,20,8,16,6,24,12,16,8,24,12,16,10,24,8,24,8,24,12,16,16,24,8,12,12,32,8,24,8,24,16,16,8,30,12,24,12,24,8,20,16,32,9,16,8,36,8,16,16,28,16,24,8,24,12,32,8,32,8,16,18,18,16,24,8,40,12,16,8,36,16,16,12,32,8,32,16,24,12,16,12,36,8,24,16,36,8,24,8,32,24,16,8,30,8,32,12,40,8,18,16,24,16,16,16,48,12,16,12,24,16,32,8,
4,6,8,8,8,12,8,10,12,12,8,16,8,12,16,12,8,18,8,16,16,12,8,20,12,12,16,16,6,24,8,14,16,12,16,24,8,12,16,20,8,24,8,16,24,12,8,24,12,18,16,16,8,24,16,20,16,9,8,32,8,12,24,16,16,24,8,16,16,24,8,30,8,12,24,16,16,24,8,24,20,12,8,32,16,12,12,20,8,36,16,16,16,12,16,28,8,18,24,24,8,24,8,20,32,12,8,32,8,24,16,24,8,24,16,12,24,12,16,40,12,12,16,16,16,36,8,
2,4,4,6,4,8,4,8,6,8,4,12,4,8,8,10,4,12,4,12,8,8,4,16,6,8,8,12,4,16,4,12,8,8,8,18,4,8,8,16,4,16,4,12,12,8,4,20,6,12,8,12,4,16,8,16,8,8,3,24,4,8,12,14,8,16,4,12,8,16,4,24,4,8,12,12,8,16,4,20,10,8,4,24,8,8,8,16,4,24,8,12,8,8,8,24,4,12,12,18,4,16,4,16,16,8,4,24,4,16,8,20,4,16,8,12,12,6,8,32,6,8,8,12,8,24,4,
12,16,18,20,18,24,24,24,24,24,24,30,24,32,27,28,24,32,24,30,36,32,24,36,24,32,30,40,24,36,24,32,36,32,36,40,24,32,36,36,24,48,24,40,36,32,24,42,36,32,36,40,24,40,36,48,36,32,24,45,24,32,48,36,36,48,24,40,36,48,24,48,24,32,36,40,48,48,24,42,36,32,24,60,36,32,36,48,24,48,48,40,36,32,36,48,24,48,48,40,24,48,24,48,54,32,24,50,24,48,36,56,24,48,36,40,48,32,48,54,36,32,36,40,30,64,24,
2,4,4,6,4,8,4,8,6,8,4,12,4,8,8,10,4,12,4,12,8,8,4,16,6,8,8,12,4,16,4,12,8,8,8,18,4,8,8,16,4,16,4,12,12,8,4,20,6,12,8,12,4,16,8,16,8,8,4,24,3,8,12,14,8,16,4,12,8,16,4,24,4,8,12,12,8,16,4,20,10,8,4,24,8,8,8,16,4,24,8,12,8,8,8,24,4,12,12,18,4,16,4,16,16,8,4,24,4,16,8,20,4,16,8,12,12,8,8,32,6,6,8,12,8,24,4,
4,6,8,8,8,12,8,10,12,12,8,16,8,12,16,12,8,18,8,16,16,12,8,20,12,12,16,16,8,24,6,14,16,12,16,24,8,12,16,20,8,24,8,16,24,12,8,24,12,18,16,16,8,24,16,20,16,12,8,32,8,9,24,16,16,24,8,16,16,24,8,30,8,12,24,16,16,24,8,24,20,12,8,32,16,12,16,20,8,36,16,16,12,12,16,28,8,18,24,24,8,24,8,20,32,12,8,32,8,24,16,24,8,24,16,16,24,12,16,40,12,12,16,12,16,36,8,
6,12,8,18,12,16,9,24,10,24,12,24,12,18,16,30,12,20,12,36,12,24,12,32,18,24,12,27,12,32,12,36,16,24,18,30,12,24,16,48,12,24,12,36,20,24,12,40,12,36,16,36,12,24,24,36,16,24,12,48,12,24,15,42,24,32,12,36,16,36,12,40,12,24,24,36,18,32,12,60,14,24,12,36,24,24,16,48,12,40,18,36,16,24,24,48,12,24,20,54,12,32,12,48,24,24,12,36,12,48,16,45,12,32,24,36,20,24,18,64,18,24,16,36,24,30,12,
7,8,14,9,14,16,14,10,21,16,14,18,14,16,28,11,14,24,14,18,28,16,14,20,21,16,28,18,14,32,14,12,28,16,28,27,14,16,28,20,14,32,14,18,42,16,14,22,21,24,28,18,14,32,28,20,28,16,14,36,14,16,42,13,28,32,14,18,28,32,14,30,14,16,42,18,28,32,14,22,35,16,14,36,28,16,28,20,14,48,28,18,28,16,28,24,14,24,42,27,14,32,14,20,56,16,14,36,14,32,28,22,14,32,28,18,42,16,28,40,21,16,28,18,28,48,14,
4,8,8,12,6,16,8,16,12,12,8,24,6,16,12,20,8,24,8,18,16,16,8,32,8,12,16,24,8,24,8,24,16,16,12,36,8,16,12,24,8,32,8,24,18,16,8,40,12,16,16,18,8,32,12,32,16,16,8,36,8,16,24,28,9,32,8,24,16,24,8,48,8,16,16,24,16,24,8,30,20,16,8,48,12,16,16,32,8,36,12,24,16,16,12,48,8,24,24,24,8,32,8,24,24,16,8,48,8,24,16,40,8,32,12,24,18,16,16,48,12,16,16,24,10,48,8,
8,12,12,16,16,18,16,20,16,24,12,24,16,24,24,24,16,24,16,32,24,18,16,30,24,24,20,32,16,36,16,28,18,24,32,32,16,24,24,40,16,36,16,24,32,24,16,36,24,36,24,32,16,30,24,40,24,24,16,48,16,24,32,32,32,27,16,32,24,48,16,40,16,24,36,32,24,36,16,48,24,24,16,48,32,24,24,30,16,48,32,32,24,24,32,42,16,36,24,48,16,36,16,40,48,24,16,40,16,36,24,48,16,36,32,32,32,24,32,60,16,24,24,32,32,48,16,
2,4,4,6,4,8,4,8,6,8,4,12,4,8,8,10,4,12,4,12,8,8,4,16,6,8,8,12,4,16,4,12,8,8,8,18,4,8,8,16,4,16,4,12,12,8,4,20,6,12,8,12,4,16,8,16,8,8,4,24,4,8,12,14,8,16,3,12,8,16,4,24,4,8,12,12,8,16,4,20,10,8,4,24,8,8,8,16,4,24,8,12,8,8,8,24,4,12,12,18,4,16,4,16,16,8,4,24,4,16,8,20,4,16,8,12,12,8,8,32,6,8,8,12,8,24,4,
6,8,12,10,12,16,12,12,18,16,12,20,12,16,24,14,9,24,12,20,24,16,12,24,18,16,24,20,12,32,12,16,24,12,24,30,12,16,24,24,12,32,12,20,36,16,12,28,18,24,18,20,12,32,24,24,24,16,12,40,12,16,36,18,24,32,12,15,24,32,12,36,12,16,36,20,24,32,12,28,30,16,12,40,18,16,24,24,12,48,24,20,24,16,24,32,12,24,36,30,12,24,12,24,48,16,12,40,12,32,24,28,12,32,24,20,36,16,18,48,18,16,24,20,24,48,12,
4,8,6,12,8,12,8,16,8,16,8,18,8,16,12,20,8,16,8,24,12,16,6,24,12,16,10,24,8,24,8,24,12,16,16,24,8,16,12,32,8,24,8,24,16,12,8,30,12,24,12,24,8,20,16,32,12,16,8,36,8,16,16,28,16,24,8,24,9,32,8,32,8,16,18,24,16,24,8,40,12,16,8,36,16,16,12,32,8,32,16,18,12,16,16,36,8,24,16,36,8,24,8,32,24,16,8,30,8,32,12,40,8,24,12,24,16,16,16,48,12,16,12,24,16,32,8,
8,12,16,16,12,24,12,20,24,18,16,32,16,18,24,24,16,36,16,24,24,24,16,40,16,24,32,24,16,36,16,28,32,24,18,48,16,24,32,30,16,36,16,32,36,24,16,48,16,24,32,32,16,48,24,30,32,24,16,48,16,24,36,32,24,48,16,32,32,27,16,60,16,24,32,32,24,48,16,36,40,24,16,48,24,24,32,40,16,54,24,32,32,24,24,56,16,24,48,32,16,48,16,40,36,24,16,64,16,36,32,36,16,48,24,32,48,24,24,60,24,24,32,32,20,54,16,
2,4,4,6,4,8,4,8,6,8,4,12,4,8,8,10,4,12,4,12,8,8,4,16,6,8,8,12,4,16,4,12,8,8,8,18,4,8,8,16,4,16,4,12,12,8,4,20,6,12,8,12,4,16,8,16,8,8,4,24,4,8,12,14,8,16,4,12,8,16,3,24,4,8,12,12,8,16,4,20,10,8,4,24,8,8,8,16,4,24,8,12,8,8,8,24,4,12,12,18,4,16,4,16,16,8,4,24,4,16,8,20,4,16,8,12,12,8,8,32,6,8,8,12,8,24,4,
12,15,16,18,24,20,24,21,20,30,24,24,24,30,32,24,24,25,24,36,32,30,24,28,36,30,24,36,24,40,24,27,32,30,48,30,24,30,32,42,24,40,24,36,40,30,24,32,36,45,32,36,24,30,48,42,32,30,24,48,24,30,40,30,48,40,24,36,32,60,24,35,24,30,48,36,48,40,24,48,28,30,24,48,48,30,32,42,24,50,48,36,32,30,48,36,24,45,40,54,24,40,24,42,64,30,24,36,24,60,32,48,24,40,48,36,40,30,48,56,36,30,32,36,48,50,24,
2,4,4,6,4,8,4,8,6,8,4,12,4,8,8,10,4,12,4,12,8,8,4,16,6,8,8,12,4,16,4,12,8,8,8,18,4,8,8,16,4,16,4,12,12,8,4,20,6,12,8,12,4,16,8,16,8,8,4,24,4,8,12,14,8,16,4,12,8,16,4,24,3,8,12,12,8,16,4,20,10,8,4,24,8,8,8,16,4,24,8,12,8,8,8,24,4,12,12,18,4,16,4,16,16,8,4,24,4,16,8,20,4,16,8,12,12,8,8,32,6,8,8,12,8,24,4,
4,6,8,8,8,12,8,10,12,12,8,16,8,12,16,12,8,18,8,16,16,12,8,20,12,12,16,16,8,24,8,14,16,12,16,24,6,12,16,20,8,24,8,16,24,12,8,24,12,18,16,16,8,24,16,20,16,12,8,32,8,12,24,16,16,24,8,16,16,24,8,30,8,9,24,16,16,24,8,24,20,12,8,32,16,12,16,20,8,36,16,16,16,12,16,28,8,18,24,24,8,24,8,20,32,12,8,32,8,24,12,24,8,24,16,16,24,12,16,40,12,12,16,16,16,36,8,
6,12,9,18,8,18,12,24,12,16,12,27,12,24,12,30,12,24,12,24,18,24,12,36,10,24,15,36,12,24,12,36,18,24,16,36,12,24,18,32,12,36,12,36,16,24,12,45,18,20,18,36,12,30,16,48,18,24,12,36,12,24,24,42,16,36,12,36,18,32,12,48,12,24,15,36,24,36,12,40,18,24,12,54,16,24,18,48,12,32,24,36,18,24,16,54,12,36,24,30,12,36,12,48,24,24,12,45,12,32,18,60,12,36,16,36,24,24,24,48,18,24,18,36,12,48,12,
6,8,12,10,12,16,12,12,18,16,12,20,12,16,24,14,12,24,9,20,24,16,12,24,18,16,24,20,12,32,12,16,24,16,24,30,12,12,24,24,12,32,12,20,36,16,12,28,18,24,24,20,12,32,24,24,18,16,12,40,12,16,36,18,24,32,12,20,24,32,12,36,12,16,36,15,24,32,12,28,30,16,12,40,24,16,24,24,12,48,24,20,24,16,18,32,12,24,36,30,12,32,12,24,48,16,12,40,12,32,24,28,12,24,24,20,36,16,24,48,18,16,24,20,24,48,12,
4,8,8,12,8,16,6,16,12,16,6,24,8,12,16,20,8,24,8,24,12,12,8,32,12,16,16,18,8,32,8,24,12,16,12,36,8,16,16,32,8,24,8,18,24,16,8,40,8,24,16,24,8,32,12,24,16,16,8,48,8,16,18,28,16,24,8,24,16,24,8,48,8,16,24,24,9,32,8,40,20,16,8,36,16,16,16,24,8,48,12,24,16,16,16,48,8,16,18,36,8,32,8,32,24,16,8,48,8,24,16,30,8,32,16,24,24,16,12,64,8,16,16,24,16,36,8,
8,12,12,16,16,18,16,20,16,24,16,24,12,24,24,24,16,24,16,32,24,24,16,30,24,18,20,32,16,36,16,28,24,24,32,32,16,24,18,40,16,36,16,32,32,24,16,36,24,36,24,24,16,30,32,40,24,24,16,48,16,24,32,32,24,36,16,32,24,48,16,40,16,24,36,32,32,27,16,48,24,24,16,48,32,24,24,40,16,48,24,32,24,24,32,42,16,36,32,48,16,36,16,30,48,24,16,40,16,48,24,48,16,36,32,32,24,24,32,60,24,24,24,32,32,48,16,
2,4,4,6,4,8,4,8,6,8,4,12,4,8,8,10,4,12,4,12,8,8,4,16,6,8,8,12,4,16,4,12,8,8,8,18,4,8,8,16,4,16,4,12,12,8,4,20,6,12,8,12,4,16,8,16,8,8,4,24,4,8,12,14,8,16,4,12,8,16,4,24,4,8,12,12,8,16,3,20,10,8,4,24,8,8,8,16,4,24,8,12,8,8,8,24,4,12,12,18,4,16,4,16,16,8,4,24,4,16,8,20,4,16,8,12,12,8,8,32,6,8,8,12,8,24,4,
10,12,20,14,15,24,20,16,30,18,20,28,20,24,30,18,20,36,20,21,40,24,20,32,20,24,40,28,20,36,20,20,40,24,30,42,20,24,40,24,20,48,20,28,45,24,20,36,30,24,40,28,20,48,30,32,40,24,20,42,20,24,60,22,30,48,20,28,40,36,20,48,20,24,40,28,40,48,20,27,50,24,20,56,30,24,40,32,20,54,40,28,40,24,30,40,20,36,60,28,20,48,20,32,60,24,20,56,20,36,40,36,20,48,30,28,60,24,40,48,30,24,40,28,25,72,20,
5,10,6,15,10,12,10,20,7,20,10,18,10,20,12,25,10,14,10,30,12,20,10,24,15,20,8,30,10,24,10,30,12,20,20,21,10,20,12,40,10,24,10,30,14,20,10,30,15,30,12,30,10,16,20,40,12,20,10,36,10,20,14,35,20,24,10,30,12,40,10,28,10,20,18,30,20,24,10,50,9,20,10,36,20,20,12,40,10,28,20,30,12,20,20,36,10,30,14,45,10,24,10,40,24,20,10,24,10,40,12,50,10,24,20,30,14,20,20,48,15,20,12,30,20,28,10,
4,6,8,8,8,12,8,10,12,12,8,16,8,12,16,12,8,18,8,16,16,12,8,20,12,12,16,16,8,24,8,14,16,12,16,24,8,12,16,20,6,24,8,16,24,12,8,24,12,18,16,16,8,24,16,20,16,12,8,32,8,12,24,16,16,24,8,16,16,24,8,30,8,12,24,16,16,24,8,24,20,9,8,32,16,12,16,20,8,36,16,16,16,12,16,28,8,18,24,24,8,24,8,20,32,12,8,32,8,24,16,24,8,24,16,16,24,12,16,40,12,12,12,16,16,36,8,
2,4,4,6,4,8,4,8,6,8,4,12,4,8,8,10,4,12,4,12,8,8,4,16,6,8,8,12,4,16,4,12,8,8,8,18,4,8,8,16,4,16,4,12,12,8,4,20,6,12,8,12,4,16,8,16,8,8,4,24,4,8,12,14,8,16,4,12,8,16,4,24,4,8,12,12,8,16,4,20,10,8,3,24,8,8,8,16,4,24,8,12,8,8,8,24,4,12,12,18,4,16,4,16,16,8,4,24,4,16,8,20,4,16,8,12,12,8,8,32,6,8,8,12,8,24,4,
12,16,18,20,24,24,18,24,24,32,24,30,24,24,36,28,24,32,24,40,27,32,24,36,36,32,30,30,24,48,24,32,36,32,36,40,24,32,36,48,24,36,24,40,48,32,24,42,24,48,36,40,24,40,48,36,36,32,24,60,24,32,36,36,48,48,24,40,36,48,24,48,24,32,54,40,36,48,24,56,36,32,24,45,48,32,36,48,24,64,36,40,36,32,48,48,24,32,48,60,24,48,24,48,54,32,24,50,24,64,36,42,24,48,48,40,48,32,36,72,36,32,36,40,48,48,24,
4,8,8,12,6,16,8,16,12,12,8,24,8,16,12,20,6,24,8,18,16,16,8,32,8,16,16,24,8,24,8,24,16,12,12,36,8,16,16,24,8,32,8,24,18,16,8,40,12,16,12,24,8,32,12,32,16,16,8,36,8,16,24,28,12,32,8,18,16,24,8,48,8,16,16,24,16,32,8,30,20,16,8,48,9,16,16,32,8,36,16,24,16,16,12,48,8,24,24,24,8,24,8,32,24,16,8,48,8,24,16,40,8,32,12,24,24,16,12,48,12,16,16,24,10,48,8,
4,6,8,8,8,12,8,10,12,12,8,16,8,12,16,12,8,18,8,16,16,12,8,20,12,12,16,16,8,24,8,14,16,12,16,24,8,12,16,20,8,24,6,16,24,12,8,24,12,18,16,16,8,24,16,20,16,12,8,32,8,12,24,16,16,24,8,16,16,24,8,30,8,12,24,16,16,24,8,24,20,12,8,32,16,9,16,20,8,36,16,16,16,12,16,28,8,18,24,24,8,24,8,20,32,12,8,32,8,24,16,24,8,24,16,16,24,12,16,40,12,12,16,16,16,36,8,
4,8,6,12,8,12,8,16,8,16,8,18,8,16,12,20,8,16,8,24,12,16,8,24,12,16,10,24,6,24,8,24,12,16,16,24,8,16,12,32,8,24,8,24,16,16,8,30,12,24,12,24,8,20,16,32,12,12,8,36,8,16,16,28,16,24,8,24,12,32,8,32,8,16,18,24,16,24,8,40,12,16,8,36,16,16,9,32,8,32,16,24,12,16,16,36,8,24,16,36,8,24,8,32,24,16,8,30,8,32,12,40,8,24,16,18,16,16,16,48,12,16,12,24,16,32,8,
8,10,16,12,16,20,16,14,24,20,12,24,16,20,32,16,16,30,16,24,32,15,16,28,24,20,32,24,16,40,16,18,24,20,32,36,16,20,32,28,16,40,16,18,48,20,16,32,24,30,32,24,16,40,24,28,32,20,16,48,16,20,48,20,32,30,16,24,32,40,16,42,16,20,48,24,24,40,16,32,40,20,16,48,32,20,32,21,16,60,32,24,32,20,32,36,16,30,36,36,16,40,16,28,64,20,16,48,16,30,32,32,16,40,32,24,48,20,32,56,16,20,32,24,32,60,16,
2,4,4,6,4,8,4,8,6,8,4,12,4,8,8,10,4,12,4,12,8,8,4,16,6,8,8,12,4,16,4,12,8,8,8,18,4,8,8,16,4,16,4,12,12,8,4,20,6,12,8,12,4,16,8,16,8,8,4,24,4,8,12,14,8,16,4,12,8,16,4,24,4,8,12,12,8,16,4,20,10,8,4,24,8,8,8,16,3,24,8,12,8,8,8,24,4,12,12,18,4,16,4,16,16,8,4,24,4,16,8,20,4,16,8,12,12,8,8,32,6,8,8,12,8,24,4,
12,18,16,24,18,24,24,30,20,27,24,32,24,36,24,36,24,30,24,36,32,36,24,40,24,36,24,48,24,36,24,42,32,36,36,40,24,36,32,45,24,48,24,48,30,36,24,48,36,36,32,48,24,36,36,60,32,36,24,48,24,36,40,48,36,48,24,48,32,54,24,50,24,36,32,48,48,48,24,54,28,36,24,64,36,36,32,60,24,45,48,48,32,36,36,56,24,54,40,48,24,48,24,60,48,36,24,48,24,54,32,72,24,48,36,48,40,36,48,60,36,36,32,48,30,60,24,
4,8,8,12,8,16,6,16,12,16,8,24,6,12,16,20,8,24,8,24,12,16,8,32,12,12,16,18,8,32,8,24,16,16,12,36,8,16,12,32,8,24,8,24,24,16,8,40,8,24,16,18,8,32,16,24,16,16,8,48,8,16,18,28,12,32,8,24,16,24,8,48,8,16,24,24,12,24,8,40,20,16,8,36,16,16,16,32,8,48,9,24,16,16,16,48,8,16,24,36,8,32,8,24,24,16,8,48,8,32,16,30,8,32,16,24,18,16,12,64,12,16,16,24,16,36,8,
6,8,12,10,12,16,12,12,18,16,12,20,12,16,24,14,12,24,12,20,24,16,9,24,18,16,24,20,12,32,12,16,24,16,24,30,12,16,24,24,12,32,12,20,36,12,12,28,18,24,24,20,12,32,24,24,24,16,12,40,12,16,36,18,24,32,12,20,18,32,12,36,12,16,36,20,24,32,12,28,30,16,12,40,24,16,24,24,12,48,24,15,24,16,24,32,12,24,36,30,12,32,12,24,48,16,12,40,12,32,24,28,12,32,18,20,36,16,24,48,18,16,24,20,24,48,12,
4,8,6,12,8,12,8,16,8,16,8,18,8,16,12,20,8,16,8,24,12,16,8,24,12,16,10,24,8,24,6,24,12,16,16,24,8,16,12,32,8,24,8,24,16,16,8,30,12,24,12,24,8,20,16,32,12,16,8,36,8,12,16,28,16,24,8,24,12,32,8,32,8,16,18,24,16,24,8,40,12,16,8,36,16,16,12,32,8,32,16,24,9,16,16,36,8,24,16,36,8,24,8,32,24,16,8,30,8,32,12,40,8,24,16,24,16,16,16,48,12,16,12,18,16,32,8,
4,6,8,8,8,12,8,10,12,12,8,16,8,12,16,12,8,18,8,16,16,12,8,20,12,12,16,16,8,24,8,14,16,12,16,24,8,12,16,20,8,24,8,16,24,12,6,24,12,18,16,16,8,24,16,20,16,12,8,32,8,12,24,16,16,24,8,16,16,24,8,30,8,12,24,16,16,24,8,24,20,12,8,32,16,12,16,20,8,36,16,16,16,9,16,28,8,18,24,24,8,24,8,20,32,12,8,32,8,24,16,24,8,24,16,16,24,12,16,40,12,12,16,16,16,36,8,
4,8,8,12,6,16,8,16,12,12,8,24,8,16,12,20,8,24,6,18,16,16,8,32,8,16,16,24,8,24,8,24,16,16,12,36,8,12,16,24,8,32,8,24,18,16,8,40,12,16,16,24,8,32,12,32,12,16,8,36,8,16,24,28,12,32,8,24,16,24,8,48,8,16,16,18,16,32,8,30,20,16,8,48,12,16,16,32,8,36,16,24,16,16,9,48,8,24,24,24,8,32,8,32,24,16,8,48,8,24,16,40,8,24,12,24,24,16,16,48,12,16,16,24,10,48,8,
12,14,18,16,24,21,24,18,24,28,24,24,24,28,36,20,24,28,24,32,36,28,24,27,36,28,30,32,24,42,24,22,36,28,48,32,24,28,36,36,24,42,24,32,48,28,24,30,36,42,36,32,24,35,48,36,36,28,24,48,24,28,48,24,48,42,24,32,36,56,24,36,24,28,54,32,48,42,24,40,36,28,24,48,48,28,36,36,24,56,48,32,36,28,48,33,24,42,48,48,24,42,24,36,72,28,24,40,24,56,36,40,24,42,48,32,48,28,48,54,36,28,36,32,48,56,24,
2,4,4,6,4,8,4,8,6,8,4,12,4,8,8,10,4,12,4,12,8,8,4,16,6,8,8,12,4,16,4,12,8,8,8,18,4,8,8,16,4,16,4,12,12,8,4,20,6,12,8,12,4,16,8,16,8,8,4,24,4,8,12,14,8,16,4,12,8,16,4,24,4,8,12,12,8,16,4,20,10,8,4,24,8,8,8,16,4,24,8,12,8,8,8,24,3,12,12,18,4,16,4,16,16,8,4,24,4,16,8,20,4,16,8,12,12,8,8,32,6,8,8,12,8,24,4,
6,9,12,12,12,18,8,15,18,18,12,24,12,12,24,18,12,27,12,24,16,18,12,30,18,18,24,16,12,36,12,21,24,18,16,36,12,18,24,30,12,24,12,24,36,18,12,36,10,27,24,24,12,36,24,20,24,18,12,48,12,18,24,24,24,36,12,24,24,24,12,45,12,18,36,24,16,36,12,36,30,18,12,32,24,18,24,30,12,54,16,24,24,18,24,42,12,15,36,36,12,36,12,30,32,18,12,48,12,36,24,24,12,36,24,24,36,18,16,60,18,18,24,24,24,36,12,
6,12,8,18,12,16,12,24,10,24,9,24,12,24,16,30,12,20,12,36,16,18,12,32,18,24,12,36,12,32,12,36,12,24,24,30,12,24,16,48,12,32,12,27,20,24,12,40,18,36,16,36,12,24,18,48,16,24,12,48,12,24,20,42,24,24,12,36,16,48,12,40,12,24,24,36,18,32,12,60,14,24,12,48,24,24,16,36,12,40,24,36,16,24,24,48,12,36,15,54,12,32,12,48,32,24,12,36,12,36,16,60,12,32,24,36,20,24,24,64,12,24,16,36,24,40,12,
9,12,18,15,12,24,18,18,27,16,18,30,18,24,24,21,18,36,18,20,36,24,18,36,15,24,36,30,18,32,18,24,36,24,24,45,18,24,36,24,18,48,18,30,36,24,18,42,27,20,36,30,18,48,24,36,36,24,18,40,18,24,54,27,24,48,18,30,36,32,18,54,18,24,30,30,36,48,18,28,45,24,18,60,24,24,36,36,18,48,36,30,36,24,24,48,18,36,54,25,18,48,18,36,48,24,18,60,18,32,36,42,18,48,24,30,54,24,36,48,27,24,36,30,18,72,18,
2,4,4,6,4,8,4,8,6,8,4,12,4,8,8,10,4,12,4,12,8,8,4,16,6,8,8,12,4,16,4,12,8,8,8,18,4,8,8,16,4,16,4,12,12,8,4,20,6,12,8,12,4,16,8,16,8,8,4,24,4,8,12,14,8,16,4,12,8,16,4,24,4,8,12,12,8,16,4,20,10,8,4,24,8,8,8,16,4,24,8,12,8,8,8,24,4,12,12,18,3,16,4,16,16,8,4,24,4,16,8,20,4,16,8,12,12,8,8,32,6,8,8,12,8,24,4,
8,12,12,16,16,18,16,20,16,24,16,24,16,24,24,24,12,24,16,32,24,24,16,30,24,24,20,32,16,36,16,28,24,18,32,32,16,24,24,40,16,36,16,32,32,24,16,36,24,36,18,32,16,30,32,40,24,24,16,48,16,24,32,32,32,36,16,24,24,48,16,40,16,24,36,32,32,36,16,48,24,24,16,48,24,24,24,40,16,48,32,32,24,24,32,42,16,36,32,48,16,27,16,40,48,24,16,40,16,48,24,48,16,36,32,32,32,24,24,60,24,24,24,32,32,48,16,
2,4,4,6,4,8,4,8,6,8,4,12,4,8,8,10,4,12,4,12,8,8,4,16,6,8,8,12,4,16,4,12,8,8,8,18,4,8,8,16,4,16,4,12,12,8,4,20,6,12,8,12,4,16,8,16,8,8,4,24,4,8,12,14,8,16,4,12,8,16,4,24,4,8,12,12,8,16,4,20,10,8,4,24,8,8,8,16,4,24,8,12,8,8,8,24,4,12,12,18,4,16,3,16,16,8,4,24,4,16,8,20,4,16,8,12,12,8,8,32,6,8,8,12,8,24,4,
8,10,16,12,16,20,16,14,24,20,16,24,12,20,32,16,16,30,16,24,32,20,16,28,24,15,32,24,16,40,16,18,32,20,32,36,16,20,24,28,16,40,16,24,48,20,16,32,24,30,32,18,16,40,32,28,32,20,16,48,16,20,48,20,24,40,16,24,32,40,16,42,16,20,48,24,32,30,16,32,40,20,16,48,32,20,32,28,16,60,24,24,32,20,32,36,16,30,48,36,16,40,16,21,64,20,16,48,16,40,32,32,16,40,32,24,36,20,32,56,24,20,32,24,32,60,16,
8,16,12,24,12,24,12,32,16,24,16,36,16,24,18,40,16,32,16,36,18,32,16,48,16,32,20,36,16,36,16,48,24,32,18,48,16,32,24,48,16,36,16,48,24,32,16,60,16,32,24,48,16,40,24,48,24,32,16,54,16,32,24,56,24,48,16,48,24,36,16,64,16,32,24,48,24,48,16,60,24,32,16,54,24,32,24,64,16,48,24,48,24,32,24,72,16,32,32,48,16,48,16,64,27,32,16,60,16,48,24,60,16,48,24,48,32,32,24,72,24,32,24,48,20,48,16,
4,6,8,8,8,12,8,10,12,12,8,16,8,12,16,12,8,18,8,16,16,12,8,20,12,12,16,16,8,24,8,14,16,12,16,24,8,12,16,20,8,24,8,16,24,12,8,24,12,18,16,16,6,24,16,20,16,12,8,32,8,12,24,16,16,24,8,16,16,24,8,30,8,12,24,16,16,24,8,24,20,12,8,32,16,12,16,20,8,36,16,16,16,12,16,28,8,18,24,24,8,24,8,20,32,9,8,32,8,24,16,24,8,24,16,16,24,12,16,40,12,12,16,16,16,36,8,
2,4,4,6,4,8,4,8,6,8,4,12,4,8,8,10,4,12,4,12,8,8,4,16,6,8,8,12,4,16,4,12,8,8,8,18,4,8,8,16,4,16,4,12,12,8,4,20,6,12,8,12,4,16,8,16,8,8,4,24,4,8,12,14,8,16,4,12,8,16,4,24,4,8,12,12,8,16,4,20,10,8,4,24,8,8,8,16,4,24,8,12,8,8,8,24,4,12,12,18,4,16,4,16,16,8,3,24,4,16,8,20,4,16,8,12,12,8,8,32,6,8,8,12,8,24,4,
12,16,15,20,24,20,24,24,18,32,24,25,24,32,30,28,24,24,24,40,30,32,24,30,36,32,21,40,24,40,24,32,30,32,48,30,24,32,30,48,24,40,24,40,36,32,24,35,36,48,30,40,24,28,48,48,30,32,24,50,24,32,36,36,48,40,24,40,30,64,24,36,24,32,45,40,48,40,24,56,24,32,24,50,48,32,30,48,24,48,48,40,30,32,48,40,24,48,36,60,24,40,24,48,60,32,24,35,24,64,30,56,24,40,48,40,36,32,48,60,36,32,30,40,48,48,24,
2,4,4,6,4,8,4,8,6,8,4,12,4,8,8,10,4,12,4,12,8,8,4,16,6,8,8,12,4,16,4,12,8,8,8,18,4,8,8,16,4,16,4,12,12,8,4,20,6,12,8,12,4,16,8,16,8,8,4,24,4,8,12,14,8,16,4,12,8,16,4,24,4,8,12,12,8,16,4,20,10,8,4,24,8,8,8,16,4,24,8,12,8,8,8,24,4,12,12,18,4,16,4,16,16,8,4,24,3,16,8,20,4,16,8,12,12,8,8,32,6,8,8,12,8,24,4,
8,12,16,16,12,24,16,20,24,18,12,32,16,24,24,24,16,36,16,24,32,18,16,40,16,24,32,32,16,36,16,28,24,24,24,48,16,24,32,30,16,48,16,24,36,24,16,48,24,24,32,32,16,48,18,40,32,24,16,48,16,24,48,32,24,36,16,32,32,36,16,60,16,24,32,32,24,48,16,36,40,24,16,64,24,24,32,30,16,54,32,32,32,24,24,56,16,36,36,32,16,48,16,40,48,24,16,64,16,27,32,48,16,48,24,32,48,24,32,60,16,24,32,32,20,72,16,
4,8,6,12,8,12,8,16,8,16,8,18,8,16,12,20,8,16,8,24,12,16,8,24,12,16,10,24,8,24,8,24,12,16,16,24,6,16,12,32,8,24,8,24,16,16,8,30,12,24,12,24,8,20,16,32,12,16,8,36,8,16,16,28,16,24,8,24,12,32,8,32,8,12,18,24,16,24,8,40,12,16,8,36,16,16,12,32,8,32,16,24,12,16,16,36,8,24,16,36,8,24,8,32,24,16,8,30,8,32,9,40,8,24,16,24,16,16,16,48,12,16,12,24,16,32,8,
10,12,20,14,20,24,15,16,30,24,20,28,20,18,40,18,20,36,20,28,30,24,20,32,30,24,40,21,20,48,20,20,40,24,30,42,20,24,40,32,20,36,20,28,60,24,20,36,20,36,40,28,20,48,40,24,40,24,20,56,20,24,45,22,40,48,20,28,40,36,20,48,20,24,60,28,30,48,20,36,50,24,20,42,40,24,40,32,20,72,30,28,40,24,40,40,20,24,60,42,20,48,20,32,60,24,20,56,20,48,40,27,20,48,40,28,60,24,30,64,30,24,40,28,40,54,20,
2,4,4,6,4,8,4,8,6,8,4,12,4,8,8,10,4,12,4,12,8,8,4,16,6,8,8,12,4,16,4,12,8,8,8,18,4,8,8,16,4,16,4,12,12,8,4,20,6,12,8,12,4,16,8,16,8,8,4,24,4,8,12,14,8,16,4,12,8,16,4,24,4,8,12,12,8,16,4,20,10,8,4,24,8,8,8,16,4,24,8,12,8,8,8,24,4,12,12,18,4,16,4,16,16,8,4,24,4,16,8,20,3,16,8,12,12,8,8,32,6,8,8,12,8,24,4,
8,12,12,16,16,18,16,20,16,24,16,24,16,24,24,24,16,24,12,32,24,24,16,30,24,24,20,32,16,36,16,28,24,24,32,32,16,18,24,40,16,36,16,32,32,24,16,36,24,36,24,32,16,30,32,40,18,24,16,48,16,24,32,32,32,36,16,32,24,48,16,40,16,24,36,24,32,36,16,48,24,24,16,48,32,24,24,40,16,48,32,32,24,24,24,42,16,36,32,48,16,36,16,40,48,24,16,40,16,48,24,48,16,27,32,32,32,24,32,60,24,24,24,32,32,48,16,
4,8,8,12,6,16,8,16,12,12,8,24,8,16,12,20,8,24,8,18,16,16,6,32,8,16,16,24,8,24,8,24,16,16,12,36,8,16,16,24,8,32,8,24,18,12,8,40,12,16,16,24,8,32,12,32,16,16,8,36,8,16,24,28,12,32,8,24,12,24,8,48,8,16,16,24,16,32,8,30,20,16,8,48,12,16,16,32,8,36,16,18,16,16,12,48,8,24,24,24,8,32,8,32,24,16,8,48,8,24,16,40,8,32,9,24,24,16,16,48,12,16,16,24,10,48,8,
6,8,12,10,12,16,12,12,18,16,12,20,12,16,24,14,12,24,12,20,24,16,12,24,18,16,24,20,9,32,12,16,24,16,24,30,12,16,24,24,12,32,12,20,36,16,12,28,18,24,24,20,12,32,24,24,24,12,12,40,12,16,36,18,24,32,12,20,24,32,12,36,12,16,36,20,24,32,12,28,30,16,12,40,24,16,18,24,12,48,24,20,24,16,24,32,12,24,36,30,12,32,12,24,48,16,12,40,12,32,24,28,12,32,24,15,36,16,24,48,18,16,24,20,24,48,12,
6,12,8,18,12,16,12,24,10,24,12,24,9,24,16,30,12,20,12,36,16,24,12,32,18,18,12,36,12,32,12,36,16,24,24,30,12,24,12,48,12,32,12,36,20,24,12,40,18,36,16,27,12,24,24,48,16,24,12,48,12,24,20,42,18,32,12,36,16,48,12,40,12,24,24,36,24,24,12,60,14,24,12,48,24,24,16,48,12,40,18,36,16,24,24,48,12,36,20,54,12,32,12,36,32,24,12,36,12,48,16,60,12,32,24,36,15,24,24,64,18,24,16,36,24,40,12,
4,6,8,8,8,12,8,10,12,12,8,16,8,12,16,12,8,18,8,16,16,12,8,20,12,12,16,16,8,24,8,14,16,12,16,24,8,12,16,20,8,24,8,16,24,12,8,24,12,18,16,16,8,24,16,20,16,12,6,32,8,12,24,16,16,24,8,16,16,24,8,30,8,12,24,16,16,24,8,24,20,12,8,32,16,12,16,20,8,36,16,16,16,12,16,28,8,18,24,24,8,24,8,20,32,12,8,32,8,24,16,24,8,24,16,16,24,9,16,40,12,12,16,16,16,36,8,
4,8,8,12,8,16,6,16,12,16,8,24,8,12,16,20,6,24,8,24,12,16,8,32,12,16,16,18,8,32,8,24,16,12,12,36,8,16,16,32,8,24,8,24,24,16,8,40,8,24,12,24,8,32,16,24,16,16,8,48,8,16,18,28,16,32,8,18,16,24,8,48,8,16,24,24,12,32,8,40,20,16,8,36,12,16,16,32,8,48,12,24,16,16,16,48,8,16,24,36,8,24,8,32,24,16,8,48,8,32,16,30,8,32,16,24,24,16,9,64,12,16,16,24,16,36,8,
16,20,24,24,24,30,32,28,32,30,32,36,32,40,36,32,32,40,32,36,48,40,32,42,32,40,40,48,32,45,32,36,48,40,48,48,32,40,48,42,32,60,32,48,48,40,32,48,48,40,48,48,32,50,48,56,48,40,32,54,32,40,64,40,48,60,32,48,48,60,32,56,32,40,48,48,64,60,32,48,48,40,32,72,48,40,48,56,32,60,64,48,48,40,48,54,32,60,64,48,32,60,32,56,72,40,32,60,32,60,48,64,32,60,48,48,64,40,64,63,48,40,48,48,40,80,32,
3,6,6,9,6,12,6,12,9,12,4,18,6,12,12,15,6,18,6,18,12,8,6,24,9,12,12,18,6,24,6,18,8,12,12,27,6,12,12,24,6,24,6,12,18,12,6,30,9,18,12,18,6,24,8,24,12,12,6,36,6,12,18,21,12,16,6,18,12,24,6,36,6,12,18,18,8,24,6,30,15,12,6,36,12,12,12,16,6,36,12,18,12,12,12,36,6,18,12,27,6,24,6,24,24,12,6,36,6,16,12,30,6,24,12,18,18,12,12,48,5,12,12,18,12,36,6,
4,6,8,8,8,12,8,10,12,12,8,16,8,12,16,12,8,18,8,16,16,12,8,20,12,12,16,16,8,24,8,14,16,12,16,24,8,12,16,20,8,24,8,16,24,12,8,24,12,18,16,16,8,24,16,20,16,12,8,32,6,12,24,16,16,24,8,16,16,24,8,30,8,12,24,16,16,24,8,24,20,12,8,32,16,12,16,20,8,36,16,16,16,12,16,28,8,18,24,24,8,24,8,20,32,12,8,32,8,24,16,24,8,24,16,16,24,12,16,40,12,9,16,16,16,36,8,
4,8,6,12,8,12,8,16,8,16,8,18,8,16,12,20,8,16,8,24,12,16,8,24,12,16,10,24,8,24,8,24,12,16,16,24,8,16,12,32,6,24,8,24,16,16,8,30,12,24,12,24,8,20,16,32,12,16,8,36,8,16,16,28,16,24,8,24,12,32,8,32,8,16,18,24,16,24,8,40,12,12,8,36,16,16,12,32,8,32,16,24,12,16,16,36,8,24,16,36,8,24,8,32,24,16,8,30,8,32,12,40,8,24,16,24,16,16,16,48,12,16,9,24,16,32,8,
6,8,12,10,12,16,12,12,18,16,12,20,12,16,24,14,12,24,12,20,24,16,12,24,18,16,24,20,12,32,9,16,24,16,24,30,12,16,24,24,12,32,12,20,36,16,12,28,18,24,24,20,12,32,24,24,24,16,12,40,12,12,36,18,24,32,12,20,24,32,12,36,12,16,36,20,24,32,12,28,30,16,12,40,24,16,24,24,12,48,24,20,18,16,24,32,12,24,36,30,12,32,12,24,48,16,12,40,12,32,24,28,12,32,24,20,36,16,24,48,18,16,24,15,24,48,12,
4,8,8,12,5,16,8,16,12,10,8,24,8,16,10,20,8,24,8,15,16,16,8,32,6,16,16,24,8,20,8,24,16,16,10,36,8,16,16,20,8,32,8,24,15,16,8,40,12,12,16,24,8,32,10,32,16,16,8,30,8,16,24,28,10,32,8,24,16,20,8,48,8,16,12,24,16,32,8,25,20,16,8,48,10,16,16,32,8,30,16,24,16,16,10,48,8,24,24,18,8,32,8,32,20,16,8,48,8,20,16,40,8,32,10,24,24,16,16,40,12,16,16,24,7,48,8,
12,18,16,24,24,24,18,30,20,36,24,32,24,27,32,36,24,30,24,48,24,36,24,40,36,36,24,36,24,48,24,42,32,36,36,40,24,36,32,60,24,36,24,48,40,36,24,48,24,54,32,48,24,36,48,45,32,36,24,64,24,36,30,48,48,48,24,48,32,54,24,50,24,36,48,48,36,48,24,72,28,36,24,48,48,36,32,60,24,60,36,48,32,36,48,56,24,36,40,72,24,48,24,60,48,36,24,48,24,72,32,54,24,48,48,48,40,36,36,80,36,36,32,48,48,45,24,
2,4,4,6,4,8,4,8,6,8,4,12,4,8,8,10,4,12,4,12,8,8,4,16,6,8,8,12,4,16,4,12,8,8,8,18,4,8,8,16,4,16,4,12,12,8,4,20,6,12,8,12,4,16,8,16,8,8,4,24,4,8,12,14,8,16,4,12,8,16,4,24,4,8,12,12,8,16,4,20,10,8,4,24,8,8,8,16,4,24,8,12,8,8,8,24,4,12,12,18,4,16,4,16,16,8,4,24,4,16,8,20,4,16,8,12,12,8,8,32,6,8,8,12,8,24,3,
